0123456789012345678901234567890123456789012345678901234567890123456789012345678901234567890123456789
0123456789012345678901234567890123456789012345678901234567890123456789012345678901234567890123456789
0123456789012345678901234567890123456789012345678901234567890123456789012345678901234567890123456789
0123456789012345678901234567890123456789012345678901234567890123456789012345678901234567890123456789
0123456789012345678901234567890123456789012345678901234567890123456789012345678901234567890123456789
0123456789012345678901234567890123456789012345678901234567890123456789012345678901234567890123456789
0123456789012345678901234567890123456789012345678901234567890123456789012345678901234567890123456789
0123456789012345678901234567890123456789012345678901234567890123456789012345678901234567890123456789
0123456789012345678901234567890123456789012345678901234567890123456789012345678901234567890123456789
0123456789012345678901234567890123456789012345678901234567890123456789012345678901234567890123456789
0000000000111111111122222222223333333333444444444455555555556666666666777777777788888888889999999999
0000000000111111111122222222223333333333444444444455555555556666666666777777777788888888889999999999
0000000000111111111122222222223333333333444444444455555555556666666666777777777788888888889999999999
0000000000111111111122222222223333333333444444444455555555556666666666777777777788888888889999999999
0000000000111111111122222222223333333333444444444455555555556666666666777777777788888888889999999999
0000000000111111111122222222223333333333444444444455555555556666666666777777777788888888889999999999
0000000000111111111122222222223333333333444444444455555555556666666666777777777788888888889999999999
0000000000111111111122222222223333333333444444444455555555556666666666777777777788888888889999999999
0000000000111111111122222222223333333333444444444455555555556666666666777777777788888888889999999999
0000000000111111111122222222223333333333444444444455555555556666666666777777777788888888889999999999
3313909402448015105517007730400623474933009429100092533890941340041003098100031120239201632903032710
3304703120960000290102600003450869481928184700010047042030550080092030791480701727104061699007802704
0298599658405699377943348343800740307209047035342971300033119968606095300729210580834045806103329979
1008861004422190104980614945990400492420810240213616311700230644942130290003303401210601274104900321
4300439303565040393414193603912380303802142020304091317106430190724580698253941233095004021302001165
4070560084394016010070309255500006920010654001592040409625014604207444731338051066064204040833050024
0115207044852690952496011312599610362000773010938000083127061101000082864340042200935700280820320901
2640046082110954278970933472702070200991492992003334463227905148001710091707241043120004019036096090
4090310045400206360449860638390327921031090410492191893404860071102804320000000060639702714402933000
9314070920746985914650429260135033010079200529364012091974909402013097200993010400244810020827841044
5314890002030840533341321030902070581600015510036064493442993450854062422240000470512109398907803005
8409700760324709701665081109476290913209377291191070000010050489249325900031322217038000980010744300
0007120744826630531033870280023517851209423185400551009490047309202190213699292748787163051420103000
5221960022001008421132005200100032115089490040242600192140580000752033901827232906361094060002160756
1437090780097090300000392204033901306990501527015729001070003440030307844318087302552001160003190010
9403327022198990133323710163100453334240011345434140090100705003309060062004404060509714010903153410
3130403335399010091100000620020073012660522068600400035040367443408234234605366076001005743933030501
8141471257049170903208630330000042399204233062009747191230430038209101092838201210245801907001003830
8063220901039438903192823044209010905020343006151378367096217129408552094215483101000025000726430262
2044359010594930004395090014473002090392021120490318129084503123338006203001020970430984510520413749
0325451608300308327300939302204759018209915768847496535968831309390529200906480395088114323301225000
0627999056032960610102123283032982309998134567274542662336332408150036473411531001188360003900034568
3101340547444060104234448716067904400004267991528736572595378090574810064336000304269004502209423232
0325545037004107290800993030571096104454553753629599431758892065962220438910038868447400281031022102
0342850292031001229409620004906027992198382548264461527287570123344740427064300010131801245404828540
3291097550317439930580206494710265774000822277823645442357511020011500331600002942032191442000166330
3293382310411047922210098071014439009259797548744645321923484711320099909510508472118660300147244902
3303000822444640352240029104848252804349688387318131138369110005117402003000044920609950913109741930
0813000062002209300429000982302130937033243145176927628467460443550937310969390400213949040308009401
6449802405040653200023374400483270690412498249847816169411930230442011032368414000601339691120824807
1478242682020021900126099200746008240040596967161474623999280211270269643966101332054013120404844434
9047440081000042320501931706746080009391477536254866515499144108110021023035483270090077152526402403
7123471414001030540989902035383230436249933996485972957942829893980630300520760901018034333000400173
9531232030490200091702079992140094059059775232441344565787519809040019401091298700107694014148692494
0445901453023009500673710005000939013026341839131335511499213646115693193533447190099504420401640498
0303208023393100828124033993120388801349439697918991611464262094300900900280303109535201053900405905
0024000005204000501000894308191240119200951563476351226963973010320403902049640900033000148075030018
2180800100400928902036191330081339952990216619646181917422874903790984978401043222420260091087030200
0464824257364002374591190101041099008609223853687318775284250036202015200390343504038871247064179085
6480022341414490300303720071611960913483483421979533761472421259040410297437231509264242450942277040
1800049013311120043140880600058549539302801966404803800440081919320435003599031120004400015013940000
3250903000124729400000102361031311001012408040640300912620069220023050943353485180049240001347220003
2399004000203614746040610194094387242305787934250080846627418912045239323648609300108809291509414010
9450010990000249884002529000017560443610809094230460132013100091016060636103221939193185305371665743
2048022110031394623790064371904390130920459321610408242330840800397400727049306230062400919046079020
3330070189609134422033834300081132167805080021093975030249020999939098910450273429369000413610940257
1029342009010409007234001691200013906007925109763000033903023358011231011096910410413180318491191009
2731481184000870175881744560632325201333330999009401001291006244646225501505309003854331018701800056
2508600000270017923017041021240306543081073870093204003134005030095032345033000612447917970910043090
7397232000290091013340630921011930906729009390038001950940070004333601390000097010134420243302332906
6010403048118912306265803709210462350734860220257331480069195255593011104612404440024002340519070710
0424813027650843410169750294111270449020309369069000202000009710224697020045391155194520103473890040
0094105425144626473112020002943804064002030870106502213053450328104409001041377058209091500154094049
0947009100733701383019400210405434611902403023440009007096582301074019914262009099309138004018207822
0700022191322310525032010119827224203002991202830802401427047006040061300033302333399394704621290050
3209832303750619211740002090499830203006000203040203734233620480020041970323073920379070948022560460
0837009020539204339052920325040041000940347006409192074004000220400149810440331422359100011021543085
0061101000056413040055213625224054402644973800000000989009904000114075504423717902616709508841970050
2470048912507001230241120679730013900922019130950400952400171444110747460006411531754132602020994023
1010205020131834032111872275480955050530416244051520870023010640903746924038113300430903164296200073
8299422310889025306273017867045120995090480942613320005100458009120001103100050236498009894300329606
8100262292834000242755376920010950101532081303793303901773851761374009102003368153074906407851091140
7000952032030907921420599340000099695072925657293149434239040020390603166641111251393305102980408480
0720365681835405207062030506395008031007000019222348742722043016020797702363037603616931997247240318
4440636030047452000220018029340630200300480939049420557901029490510088522790035213082450263920257439
0422504006020316252094905099201542032041040200353900006409999510299290817253572134413234010040078007
4731206060301395910320946540590120505005270653960008110024040035419127979340329090520130061704933333
6562059809682015230159005760048701017050077040083148790103010087021630506210332590149293100380075090
4101640200718716150032420460120010363426088700020039038900406022004131561229133228234008201135100403
2600048230149942604200007170117024094513958481424081880990499990205090005076400344994300120404440994
0200170013158005940811029690330426050064010101003039171913042634433400121031303090821066053902028204
5045003510248383031610507011396149512810909973701278010520271933863362720930700603214659990188083090
0192120319306000829705720340094040120786446000070566232603164717902040910108099218002003606520022903
9404852007460501323307108411109001051050649818000901090010050609080504024209122309000003942322474310
0710032979510400700091035002389479709831592285116202064976302280029107760810446749125000630122290229
2411301084509010025623512635300812242470548009030913350726236059109523590199400800847403000147139953
0353445031427050054004800467822301103704327129930010490257184000520101902304133875009007043092982926
0133511655450921002039131649490032401940194531027058060236842360002340020899734102439320047020124199
2161609095390098037720596001306386252012810203014446630409044104003326003002409043121510153654044420
2205001034114200130619790714700435621004070117011230347060240039027005041506003012601426410901005401
